-------------------------------------------------------------------------------------------------
CcGAN Hard

==================================================================================================
[0.         0.05235988 0.10471976 0.15707963 0.20943951 0.26179939
 0.31415927 0.36651914 0.41887902 0.4712389  0.52359878 0.57595865
 0.62831853 0.68067841 0.73303829 0.78539816 0.83775804 0.89011792
 0.9424778  0.99483767 1.04719755 1.09955743 1.15191731 1.20427718
 1.25663706 1.30899694 1.36135682 1.41371669 1.46607657 1.51843645
 1.57079633 1.6231562  1.67551608 1.72787596 1.78023584 1.83259571
 1.88495559 1.93731547 1.98967535 2.04203522 2.0943951  2.14675498
 2.19911486 2.25147474 2.30383461 2.35619449 2.40855437 2.46091425
 2.51327412 2.565634   2.61799388 2.67035376 2.72271363 2.77507351
 2.82743339 2.87979327 2.93215314 2.98451302 3.0368729  3.08923278
 3.14159265 3.19395253 3.24631241 3.29867229 3.35103216 3.40339204
 3.45575192 3.5081118  3.56047167 3.61283155 3.66519143 3.71755131
 3.76991118 3.82227106 3.87463094 3.92699082 3.97935069 4.03171057
 4.08407045 4.13643033 4.1887902  4.24115008 4.29350996 4.34586984
 4.39822972 4.45058959 4.50294947 4.55530935 4.60766923 4.6600291
 4.71238898 4.76474886 4.81710874 4.86946861 4.92182849 4.97418837
 5.02654825 5.07890812 5.131268   5.18362788 5.23598776 5.28834763
 5.34070751 5.39306739 5.44542727 5.49778714 5.55014702 5.6025069
 5.65486678 5.70722665 5.75958653 5.81194641 5.86430629 5.91666616
 5.96902604 6.02138592 6.0737458  6.12610567 6.17846555 6.23082543]
[0.00000000e+00 5.23598776e-04 1.04719755e-03 ... 6.28161451e+00
 6.28213811e+00 6.28266171e+00]
Quality threshold is 0.08

 Begin The Experiment; Start Training (geo: circle)>>>
Round 0
[[ 0.00000000e+00  1.00000000e+00]
 [ 5.23359562e-02  9.98629535e-01]
 [ 1.04528463e-01  9.94521895e-01]
 [ 1.56434465e-01  9.87688341e-01]
 [ 2.07911691e-01  9.78147601e-01]
 [ 2.58819045e-01  9.65925826e-01]
 [ 3.09016994e-01  9.51056516e-01]
 [ 3.58367950e-01  9.33580426e-01]
 [ 4.06736643e-01  9.13545458e-01]
 [ 4.53990500e-01  8.91006524e-01]
 [ 5.00000000e-01  8.66025404e-01]
 [ 5.44639035e-01  8.38670568e-01]
 [ 5.87785252e-01  8.09016994e-01]
 [ 6.29320391e-01  7.77145961e-01]
 [ 6.69130606e-01  7.43144825e-01]
 [ 7.07106781e-01  7.07106781e-01]
 [ 7.43144825e-01  6.69130606e-01]
 [ 7.77145961e-01  6.29320391e-01]
 [ 8.09016994e-01  5.87785252e-01]
 [ 8.38670568e-01  5.44639035e-01]
 [ 8.66025404e-01  5.00000000e-01]
 [ 8.91006524e-01  4.53990500e-01]
 [ 9.13545458e-01  4.06736643e-01]
 [ 9.33580426e-01  3.58367950e-01]
 [ 9.51056516e-01  3.09016994e-01]
 [ 9.65925826e-01  2.58819045e-01]
 [ 9.78147601e-01  2.07911691e-01]
 [ 9.87688341e-01  1.56434465e-01]
 [ 9.94521895e-01  1.04528463e-01]
 [ 9.98629535e-01  5.23359562e-02]
 [ 1.00000000e+00  6.12323400e-17]
 [ 9.98629535e-01 -5.23359562e-02]
 [ 9.94521895e-01 -1.04528463e-01]
 [ 9.87688341e-01 -1.56434465e-01]
 [ 9.78147601e-01 -2.07911691e-01]
 [ 9.65925826e-01 -2.58819045e-01]
 [ 9.51056516e-01 -3.09016994e-01]
 [ 9.33580426e-01 -3.58367950e-01]
 [ 9.13545458e-01 -4.06736643e-01]
 [ 8.91006524e-01 -4.53990500e-01]
 [ 8.66025404e-01 -5.00000000e-01]
 [ 8.38670568e-01 -5.44639035e-01]
 [ 8.09016994e-01 -5.87785252e-01]
 [ 7.77145961e-01 -6.29320391e-01]
 [ 7.43144825e-01 -6.69130606e-01]
 [ 7.07106781e-01 -7.07106781e-01]
 [ 6.69130606e-01 -7.43144825e-01]
 [ 6.29320391e-01 -7.77145961e-01]
 [ 5.87785252e-01 -8.09016994e-01]
 [ 5.44639035e-01 -8.38670568e-01]
 [ 5.00000000e-01 -8.66025404e-01]
 [ 4.53990500e-01 -8.91006524e-01]
 [ 4.06736643e-01 -9.13545458e-01]
 [ 3.58367950e-01 -9.33580426e-01]
 [ 3.09016994e-01 -9.51056516e-01]
 [ 2.58819045e-01 -9.65925826e-01]
 [ 2.07911691e-01 -9.78147601e-01]
 [ 1.56434465e-01 -9.87688341e-01]
 [ 1.04528463e-01 -9.94521895e-01]
 [ 5.23359562e-02 -9.98629535e-01]
 [ 1.22464680e-16 -1.00000000e+00]
 [-5.23359562e-02 -9.98629535e-01]
 [-1.04528463e-01 -9.94521895e-01]
 [-1.56434465e-01 -9.87688341e-01]
 [-2.07911691e-01 -9.78147601e-01]
 [-2.58819045e-01 -9.65925826e-01]
 [-3.09016994e-01 -9.51056516e-01]
 [-3.58367950e-01 -9.33580426e-01]
 [-4.06736643e-01 -9.13545458e-01]
 [-4.53990500e-01 -8.91006524e-01]
 [-5.00000000e-01 -8.66025404e-01]
 [-5.44639035e-01 -8.38670568e-01]
 [-5.87785252e-01 -8.09016994e-01]
 [-6.29320391e-01 -7.77145961e-01]
 [-6.69130606e-01 -7.43144825e-01]
 [-7.07106781e-01 -7.07106781e-01]
 [-7.43144825e-01 -6.69130606e-01]
 [-7.77145961e-01 -6.29320391e-01]
 [-8.09016994e-01 -5.87785252e-01]
 [-8.38670568e-01 -5.44639035e-01]
 [-8.66025404e-01 -5.00000000e-01]
 [-8.91006524e-01 -4.53990500e-01]
 [-9.13545458e-01 -4.06736643e-01]
 [-9.33580426e-01 -3.58367950e-01]
 [-9.51056516e-01 -3.09016994e-01]
 [-9.65925826e-01 -2.58819045e-01]
 [-9.78147601e-01 -2.07911691e-01]
 [-9.87688341e-01 -1.56434465e-01]
 [-9.94521895e-01 -1.04528463e-01]
 [-9.98629535e-01 -5.23359562e-02]
 [-1.00000000e+00 -1.83697020e-16]
 [-9.98629535e-01  5.23359562e-02]
 [-9.94521895e-01  1.04528463e-01]
 [-9.87688341e-01  1.56434465e-01]
 [-9.78147601e-01  2.07911691e-01]
 [-9.65925826e-01  2.58819045e-01]
 [-9.51056516e-01  3.09016994e-01]
 [-9.33580426e-01  3.58367950e-01]
 [-9.13545458e-01  4.06736643e-01]
 [-8.91006524e-01  4.53990500e-01]
 [-8.66025404e-01  5.00000000e-01]
 [-8.38670568e-01  5.44639035e-01]
 [-8.09016994e-01  5.87785252e-01]
 [-7.77145961e-01  6.29320391e-01]
 [-7.43144825e-01  6.69130606e-01]
 [-7.07106781e-01  7.07106781e-01]
 [-6.69130606e-01  7.43144825e-01]
 [-6.29320391e-01  7.77145961e-01]
 [-5.87785252e-01  8.09016994e-01]
 [-5.44639035e-01  8.38670568e-01]
 [-5.00000000e-01  8.66025404e-01]
 [-4.53990500e-01  8.91006524e-01]
 [-4.06736643e-01  9.13545458e-01]
 [-3.58367950e-01  9.33580426e-01]
 [-3.09016994e-01  9.51056516e-01]
 [-2.58819045e-01  9.65925826e-01]
 [-2.07911691e-01  9.78147601e-01]
 [-1.56434465e-01  9.87688341e-01]
 [-1.04528463e-01  9.94521895e-01]
 [-5.23359562e-02  9.98629535e-01]]
[0.         0.         0.         ... 0.99166667 0.99166667 0.99166667]

 Use rule-of-thumb formula to compute kernel_sigma >>>
1/1, hard, Sigma is 0.074108, Kappa is 0.016667
CcGAN: [Iter 1/100] [D loss: 1.3862e+00] [G loss: 6.9287e-01] [real prob: 0.500] [fake prob: 0.500] [Time: 0.0140]

 Start evaluation >>>
GAN training finished; Time elapsed: 3.484739518004062s

 hard, Sigma is 0.07410779864448126, Kappa is 0.016666666666666666

 Prop. of good quality samples>>>

[9.13333333]

 Prop. good samples over 1 Sims: 9.1 (0.0)

 Prop. of recovered modes>>>

[99.44444444]

 Prop. recovered modes over 1 Sims: 99.4 (0.0)
 2-Wasserstein Distance: 2.01e-01 (0.00e+00)
[0.20135081]

===================================================================================================
